43 1614 527 1920 783 
59 1013 511 1295 603 
59 970 481 1339 629 
59 803 501 993 594 
59 1013 511 1295 603 
59 970 481 1339 629 
59 803 501 993 594 
59 1013 511 1295 603 
59 970 481 1339 629 
59 803 501 993 594 
59 1013 511 1295 603 
59 970 481 1339 629 
59 803 501 993 594 
59 1013 511 1295 603 
59 970 481 1339 629 
59 803 501 993 594 
59 1013 511 1295 603 
59 970 481 1339 629 
59 803 501 993 594 
59 1013 511 1295 603 
59 970 481 1339 629 
59 803 501 993 594 
59 1013 511 1295 603 
59 970 481 1339 629 
59 803 501 993 594 
59 1013 511 1295 603 
59 970 481 1339 629 
59 803 501 993 594 
59 1013 511 1295 603 
59 970 481 1339 629 
59 803 501 993 594 
59 1013 511 1295 603 
59 970 481 1339 629 
59 803 501 993 594 
59 1013 511 1295 603 
59 970 481 1339 629 
59 803 501 993 594 
59 1013 511 1295 603 
59 970 481 1339 629 
59 803 501 993 594 
59 1013 511 1295 603 
59 970 481 1339 629 
59 803 501 993 594 
59 1013 511 1295 603 
59 970 481 1339 629 
59 803 501 993 594 
59 1013 511 1295 603 
59 970 481 1339 629 
59 803 501 993 594 
59 1013 511 1295 603 
59 970 481 1339 629 
59 803 501 993 594 
59 1013 511 1295 603 
59 970 481 1339 629 
59 803 501 993 594 
59 1013 511 1295 603 
59 970 481 1339 629 
59 803 501 993 594 
46 179 0 455 764 
34 670 969 743 1037 
46 179 0 455 764 
34 670 969 743 1037 
46 179 0 455 764 
34 670 969 743 1037 
46 179 0 455 764 
34 670 969 743 1037 
46 179 0 455 764 
34 670 969 743 1037 
46 179 0 455 764 
34 670 969 743 1037 
46 179 0 455 764 
34 670 969 743 1037 
46 179 0 455 764 
34 670 969 743 1037 
46 179 0 455 764 
34 670 969 743 1037 
46 179 0 455 764 
34 670 969 743 1037 
46 179 0 455 764 
34 670 969 743 1037 
46 179 0 455 764 
34 670 969 743 1037 
46 179 0 455 764 
34 670 969 743 1037 
46 179 0 455 764 
34 670 969 743 1037 
46 179 0 455 764 
34 670 969 743 1037 
46 179 0 455 764 
34 670 969 743 1037 
46 179 0 455 764 
34 670 969 743 1037 
46 179 0 455 764 
34 670 969 743 1037 
46 179 0 455 764 
34 670 969 743 1037 
46 179 0 455 764 
34 670 969 743 1037 
46 179 0 455 764 
34 670 969 743 1037 
