8 0.15460526315789475 0.5701754385964912 0.023026315789473683 0.038011695906432746
8 0.3651315789473684 0.5467836257309941 0.013157894736842105 0.03508771929824561
8 0.46875 0.5526315789473685 0.018092105263157895 0.038011695906432746
8 0.5921052631578947 0.5847953216374269 0.01644736842105263 0.04678362573099415
23 0.18585526315789475 0.49707602339181284 0.09375 0.19005847953216373
23 0.34210526315789475 0.5058479532163743 0.054276315789473686 0.14619883040935672
23 0.4967105263157895 0.5087719298245614 0.07401315789473684 0.15789473684210525
23 0.5888157894736842 0.5467836257309941 0.027960526315789474 0.30116959064327486
23 0.8289473684210527 0.49122807017543857 0.2894736842105263 0.9327485380116959
41 0.48519736842105265 0.6900584795321637 0.21052631578947367 0.22807017543859648
41 0.18421052631578946 0.7923976608187134 0.3618421052631579 0.38596491228070173
41 0.3717105263157895 0.631578947368421 0.11513157894736842 0.16666666666666666
41 0.16611842105263158 0.6345029239766082 0.2598684210526316 0.11988304093567251