8 0.18421052631578946 0.5584795321637427 0.024671052631578948 0.017543859649122806
8 0.39473684210526316 0.5350877192982456 0.013157894736842105 0.02046783625730994
8 0.5 0.5263157894736842 0.014802631578947368 0.017543859649122806
8 0.6430921052631579 0.564327485380117 0.01644736842105263 0.03508771929824561
48 0.912828947368421 0.7631578947368421 0.14967105263157895 0.03508771929824561
4 0.9111842105263158 0.8011695906432749 0.1513157894736842 0.029239766081871343
37 0.9111842105263158 0.8391812865497076 0.14967105263157895 0.038011695906432746
41 0.20394736842105263 0.38011695906432746 0.16611842105263158 0.2222222222222222
41 0.4276315789473684 0.3654970760233918 0.17434210526315788 0.2222222222222222
41 0.6266447368421053 0.3684210526315789 0.20230263157894737 0.20175438596491227
41 0.6529605263157895 0.7134502923976608 0.22532894736842105 0.2894736842105263
41 0.4144736842105263 0.7309941520467836 0.1875 0.3157894736842105
41 0.20394736842105263 0.6140350877192983 0.12828947368421054 0.07309941520467836
41 0.21710526315789475 0.7426900584795322 0.15789473684210525 0.3216374269005848