41 0.3782894736842105 0.3538011695906433 0.22039473684210525 0.2719298245614035
41 0.6118421052631579 0.3830409356725146 0.21217105263157895 0.2631578947368421
41 0.3832236842105263 0.7426900584795322 0.19407894736842105 0.32456140350877194
41 0.6036184210526315 0.7426900584795322 0.18914473684210525 0.32748538011695905
41 0.868421052631579 0.37719298245614036 0.23848684210526316 0.2543859649122807
41 0.8848684210526315 0.6549707602339181 0.21546052631578946 0.15789473684210525
41 0.837171052631579 0.7280701754385965 0.18421052631578946 0.25146198830409355
48 0.9144736842105263 0.7660818713450293 0.14967105263157895 0.04093567251461988
4 0.912828947368421 0.8011695906432749 0.14802631578947367 0.038011695906432746
37 0.9111842105263158 0.8450292397660819 0.15296052631578946 0.03216374269005848
8 0.20559210526315788 0.7309941520467836 0.05921052631578947 0.14327485380116958
23 0.11842105263157894 0.5672514619883041 0.22532894736842105 0.8362573099415205