8 0.13322368421052633 0.5672514619883041 0.024671052631578948 0.04678362573099415
8 0.36348684210526316 0.5380116959064327 0.013157894736842105 0.038011695906432746
8 0.4786184210526316 0.5380116959064327 0.013157894736842105 0.038011695906432746
8 0.6200657894736842 0.5614035087719298 0.014802631578947368 0.029239766081871343
23 0.16447368421052633 0.4853801169590643 0.10855263157894737 0.20175438596491227
23 0.3404605263157895 0.5029239766081871 0.06085526315789474 0.16374269005847952
23 0.5 0.5 0.06578947368421052 0.1695906432748538
23 0.6069078947368421 0.49122807017543857 0.03289473684210526 0.2222222222222222
23 0.8848684210526315 0.543859649122807 0.22039473684210525 0.8742690058479532
41 0.19407894736842105 0.7953216374269005 0.37993421052631576 0.3888888888888889
41 0.5296052631578947 0.6812865497076024 0.22203947368421054 0.21052631578947367
41 0.3832236842105263 0.6169590643274854 0.12335526315789473 0.1286549707602339
41 0.15789473684210525 0.6549707602339181 0.2944078947368421 0.17543859649122806