8 0.6677631578947368 0.6228070175438597 0.024671052631578948 0.06725146198830409
8 0.4720394736842105 0.5672514619883041 0.01644736842105263 0.03508771929824561
8 0.2746710526315789 0.5789473684210527 0.013157894736842105 0.04093567251461988
8 0.3618421052631579 0.5584795321637427 0.02631578947368421 0.05263157894736842
8 0.13815789473684212 0.5906432748538012 0.03782894736842105 0.04093567251461988
41 0.6266447368421053 0.8538011695906432 0.6661184210526315 0.26900584795321636
41 0.21217105263157895 0.8099415204678363 0.4161184210526316 0.36257309941520466
41 0.04111842105263158 0.7923976608187134 0.07730263157894737 0.1023391812865497
41 0.12171052631578948 0.9532163742690059 0.23684210526315788 0.07894736842105263
23 0.07894736842105263 0.5497076023391813 0.15460526315789475 0.37719298245614036
23 0.29769736842105265 0.5321637426900585 0.07401315789473684 0.21052631578947367
23 0.5 0.5497076023391813 0.09046052631578948 0.23684210526315788
23 0.6463815789473685 0.543859649122807 0.05921052631578947 0.34210526315789475