8 0.1069078947368421 0.7192982456140351 0.08223684210526316 0.0935672514619883
8 0.8092105263157895 0.5789473684210527 0.024671052631578948 0.05263157894736842
8 0.6036184210526315 0.5497076023391813 0.01644736842105263 0.03508771929824561
8 0.5476973684210527 0.5292397660818714 0.019736842105263157 0.029239766081871343
8 0.4440789473684211 0.5467836257309941 0.018092105263157895 0.029239766081871343
8 0.37335526315789475 0.5614035087719298 0.013157894736842105 0.029239766081871343
5 0.5542763157894737 0.5467836257309941 0.07730263157894737 0.19298245614035087
23 0.6266447368421053 0.5146198830409356 0.05921052631578947 0.1695906432748538
23 0.7828947368421053 0.5146198830409356 0.08223684210526316 0.22514619883040934
23 0.3519736842105263 0.5116959064327485 0.044407894736842105 0.22514619883040934
23 0.46875 0.5263157894736842 0.06085526315789474 0.1871345029239766
23 0.06907894736842106 0.5994152046783626 0.13157894736842105 0.7485380116959064
41 0.3569078947368421 0.7982456140350878 0.3470394736842105 0.3333333333333333
41 0.6381578947368421 0.6929824561403509 0.19736842105263158 0.2222222222222222
41 0.8453947368421053 0.7543859649122807 0.3026315789473684 0.2631578947368421
41 0.7861842105263158 0.8362573099415205 0.4144736842105263 0.2953216374269006