23 0.08388157894736842 0.34502923976608185 0.16776315789473684 0.41812865497076024
8 0.14473684210526316 0.43859649122807015 0.01644736842105263 0.04678362573099415
8 0.2598684210526316 0.39766081871345027 0.019736842105263157 0.038011695906432746
23 0.2845394736842105 0.36257309941520466 0.1299342105263158 0.27485380116959063
8 0.3996710526315789 0.3654970760233918 0.013157894736842105 0.038011695906432746
5 0.39473684210526316 0.3654970760233918 0.09210526315789473 0.20760233918128654
23 0.4588815789473684 0.3333333333333333 0.05098684210526316 0.14912280701754385
8 0.4440789473684211 0.3713450292397661 0.003289473684210526 0.014619883040935672
8 0.5740131578947368 0.3742690058479532 0.006578947368421052 0.02046783625730994
23 0.5608552631578947 0.3333333333333333 0.05263157894736842 0.15789473684210525
39 0.2993421052631579 0.15497076023391812 0.42598684210526316 0.19883040935672514
8 0.6924342105263158 0.39766081871345027 0.014802631578947368 0.03216374269005848
23 0.7516447368421053 0.3654970760233918 0.15953947368421054 0.30409356725146197
41 0.25164473684210525 0.716374269005848 0.4588815789473684 0.52046783625731
41 0.6414473684210527 0.6461988304093568 0.29605263157894735 0.41228070175438597
41 0.48848684210526316 0.49122807017543857 0.14144736842105263 0.17251461988304093
41 0.6052631578947368 0.43567251461988304 0.13157894736842105 0.08187134502923976
8 0.9325657894736842 0.5263157894736842 0.03453947368421053 0.08771929824561403
23 0.9342105263157895 0.47953216374269003 0.12335526315789473 0.49122807017543857
39 0.6282894736842105 0.27485380116959063 0.044407894736842105 0.21052631578947367
39 0.9424342105263158 0.8304093567251462 0.09375 0.10526315789473684