8 0.02138157894736842 0.6081871345029239 0.03618421052631579 0.05555555555555555
8 0.32894736842105265 0.564327485380117 0.014802631578947368 0.038011695906432746
8 0.4555921052631579 0.5701754385964912 0.019736842105263157 0.038011695906432746
8 0.6200657894736842 0.6286549707602339 0.02138157894736842 0.06432748538011696
23 0.0805921052631579 0.5087719298245614 0.15625 0.2309941520467836
23 0.3026315789473684 0.5175438596491229 0.07236842105263158 0.195906432748538
23 0.48355263157894735 0.5292397660818714 0.06907894736842106 0.2046783625730994
23 0.6069078947368421 0.5321637426900585 0.039473684210526314 0.3157894736842105
41 0.3125 0.6403508771929824 0.19078947368421054 0.12573099415204678
41 0.4753289473684211 0.804093567251462 0.3404605263157895 0.34210526315789475
41 0.1069078947368421 0.6783625730994152 0.21052631578947367 0.11403508771929824
41 0.15460526315789475 0.8157894736842105 0.29769736842105265 0.3391812865497076