8 0.1299342105263158 0.7017543859649122 0.06414473684210527 0.1023391812865497
8 0.3503289473684211 0.564327485380117 0.013157894736842105 0.029239766081871343
8 0.5016447368421053 0.5321637426900585 0.014802631578947368 0.03216374269005848
8 0.8289473684210527 0.5497076023391813 0.027960526315789474 0.05555555555555555
8 0.6151315789473685 0.543859649122807 0.014802631578947368 0.04093567251461988
48 0.9095394736842105 0.7573099415204678 0.14967105263157895 0.03508771929824561
4 0.9095394736842105 0.7982456140350878 0.15460526315789475 0.029239766081871343
37 0.9111842105263158 0.8362573099415205 0.1513157894736842 0.04093567251461988
23 0.08388157894736842 0.5964912280701754 0.16776315789473684 0.7748538011695907
41 0.2993421052631579 0.34502923976608185 0.3026315789473684 0.29239766081871343
41 0.5460526315789473 0.3684210526315789 0.1825657894736842 0.2309941520467836
41 0.8026315789473685 0.36257309941520466 0.23684210526315788 0.2631578947368421
41 0.3190789473684211 0.7339181286549707 0.2565789473684211 0.32456140350877194
41 0.5575657894736842 0.7397660818713451 0.1875 0.3391812865497076
41 0.7976973684210527 0.7134502923976608 0.22697368421052633 0.27485380116959063
41 0.8223684210526315 0.6140350877192983 0.17598684210526316 0.09064327485380116