8 0.13980263157894737 0.6345029239766082 0.023026315789473683 0.04678362573099415
8 0.37006578947368424 0.5964912280701754 0.014802631578947368 0.03508771929824561
8 0.48355263157894735 0.5935672514619883 0.02138157894736842 0.02631578947368421
8 0.6282894736842105 0.6169590643274854 0.009868421052631578 0.02631578947368421
23 0.17763157894736842 0.5467836257309941 0.10361842105263158 0.21637426900584794
23 0.34210526315789475 0.5555555555555556 0.07401315789473684 0.17251461988304093
23 0.5032894736842105 0.5555555555555556 0.06743421052631579 0.16666666666666666
23 0.6167763157894737 0.5526315789473685 0.044407894736842105 0.19883040935672514
23 0.8930921052631579 0.6345029239766082 0.20888157894736842 0.7105263157894737
41 0.20394736842105263 0.7368421052631579 0.21875 0.1695906432748538
41 0.5575657894736842 0.7426900584795322 0.21546052631578946 0.2134502923976608
41 0.39144736842105265 0.6988304093567251 0.11513157894736842 0.17543859649122806
41 0.24835526315789475 0.827485380116959 0.3256578947368421 0.3362573099415205