41 0.36348684210526316 0.6900584795321637 0.2565789473684211 0.26900584795321636
8 0.16940789473684212 0.652046783625731 0.03618421052631579 0.09941520467836257
23 0.09539473684210527 0.5877192982456141 0.19078947368421054 0.8157894736842105
23 0.3026315789473684 0.4619883040935672 0.03618421052631579 0.20760233918128654
8 0.3207236842105263 0.5116959064327485 0.004934210526315789 0.02046783625730994
8 0.38651315789473684 0.5 0.008223684210526315 0.02046783625730994
23 0.40625 0.4766081871345029 0.06414473684210527 0.17251461988304093
8 0.48026315789473684 0.4824561403508772 0.011513157894736841 0.02631578947368421
5 0.4819078947368421 0.47953216374269003 0.06414473684210527 0.14619883040935672
41 0.537828947368421 0.5877192982456141 0.11019736842105263 0.13742690058479531
8 0.5213815789473685 0.49122807017543857 0.004934210526315789 0.017543859649122806
23 0.5394736842105263 0.4649122807017544 0.04276315789473684 0.1286549707602339
8 0.6513157894736842 0.5029239766081871 0.008223684210526315 0.02046783625730994
23 0.6381578947368421 0.4619883040935672 0.047697368421052634 0.14619883040935672
8 0.7911184210526315 0.5409356725146199 0.024671052631578948 0.043859649122807015
23 0.7993421052631579 0.5087719298245614 0.05098684210526316 0.30409356725146197
41 0.65625 0.7777777777777778 0.28289473684210525 0.4298245614035088
41 0.6726973684210527 0.5906432748538012 0.17269736842105263 0.12573099415204678