8 0.36348684210526316 0.5175438596491229 0.011513157894736841 0.038011695906432746
8 0.6085526315789473 0.4853801169590643 0.011513157894736841 0.03216374269005848
8 0.8075657894736842 0.5087719298245614 0.014802631578947368 0.029239766081871343
8 0.5049342105263158 0.4853801169590643 0.014802631578947368 0.02631578947368421
8 0.20065789473684212 0.6578947368421053 0.05921052631578947 0.10818713450292397
23 0.12335526315789473 0.5321637426900585 0.24342105263157895 0.8976608187134503
23 0.3717105263157895 0.4444444444444444 0.03782894736842105 0.21637426900584794
23 0.4769736842105263 0.4415204678362573 0.05921052631578947 0.14912280701754385
23 0.6348684210526315 0.45321637426900585 0.05756578947368421 0.14327485380116958
23 0.7845394736842105 0.4269005847953216 0.09375 0.18128654970760233
41 0.4555921052631579 0.6169590643274854 0.20230263157894737 0.18421052631578946
41 0.5953947368421053 0.5292397660818714 0.11019736842105263 0.08187134502923976
41 0.7828947368421053 0.5935672514619883 0.23519736842105263 0.14912280701754385
41 0.712171052631579 0.7309941520467836 0.3026315789473684 0.3830409356725146