41 0.7039473684210527 0.7426900584795322 0.3157894736842105 0.26608187134502925
41 0.34375 0.8567251461988304 0.6578947368421053 0.26608187134502925
41 0.9161184210526315 0.7807017543859649 0.15625 0.1871345029239766
41 0.819078947368421 0.8859649122807017 0.3470394736842105 0.20175438596491227
8 0.17763157894736842 0.716374269005848 0.044407894736842105 0.11403508771929824
8 0.5016447368421053 0.5847953216374269 0.02631578947368421 0.043859649122807015
8 0.65625 0.5730994152046783 0.01644736842105263 0.03216374269005848
23 0.22697368421052633 0.5467836257309941 0.17105263157894737 0.5614035087719298
23 0.4605263157894737 0.564327485380117 0.10855263157894737 0.31871345029239767
23 0.6907894736842105 0.5497076023391813 0.10032894736842106 0.26900584795321636
23 0.9375 0.5350877192982456 0.11842105263157894 0.30701754385964913