8 0.11019736842105263 0.7134502923976608 0.0756578947368421 0.09941520467836257
8 0.37335526315789475 0.5555555555555556 0.011513157894736841 0.03216374269005848
8 0.8125 0.5760233918128655 0.019736842105263157 0.04093567251461988
8 0.6036184210526315 0.543859649122807 0.01644736842105263 0.029239766081871343
8 0.5476973684210527 0.5263157894736842 0.01644736842105263 0.04093567251461988
8 0.4457236842105263 0.5467836257309941 0.014802631578947368 0.02631578947368421
23 0.07236842105263158 0.5994152046783626 0.13651315789473684 0.7573099415204678
23 0.3536184210526316 0.5146198830409356 0.047697368421052634 0.23391812865497075
23 0.47039473684210525 0.5263157894736842 0.05921052631578947 0.19005847953216373
23 0.6282894736842105 0.5146198830409356 0.054276315789473686 0.1695906432748538
23 0.78125 0.5116959064327485 0.08717105263157894 0.22807017543859648
5 0.5493421052631579 0.5409356725146199 0.07072368421052631 0.21637426900584794
41 0.6348684210526315 0.6842105263157895 0.17269736842105263 0.21637426900584794
41 0.850328947368421 0.7426900584795322 0.2845394736842105 0.2573099415204678
41 0.3519736842105263 0.7777777777777778 0.32894736842105265 0.3391812865497076
41 0.7861842105263158 0.8421052631578947 0.4194078947368421 0.2982456140350877