41 0.13651315789473684 0.6783625730994152 0.25164473684210525 0.13157894736842105
41 0.46875 0.7105263157894737 0.20559210526315788 0.21052631578947367
41 0.17927631578947367 0.804093567251462 0.34375 0.3508771929824561
41 0.34868421052631576 0.6549707602339181 0.1299342105263158 0.14035087719298245
8 0.12335526315789473 0.5964912280701754 0.023026315789473683 0.029239766081871343
8 0.3519736842105263 0.5672514619883041 0.023026315789473683 0.04093567251461988
8 0.4555921052631579 0.5730994152046783 0.02138157894736842 0.03216374269005848
8 0.5773026315789473 0.5994152046783626 0.018092105263157895 0.043859649122807015
23 0.15625 0.5175438596491229 0.13486842105263158 0.2046783625730994
23 0.32894736842105265 0.5233918128654971 0.07730263157894737 0.18128654970760233
23 0.48026315789473684 0.5175438596491229 0.08388157894736842 0.18421052631578946
23 0.5707236842105263 0.5321637426900585 0.029605263157894735 0.22807017543859648
23 0.8075657894736842 0.5175438596491229 0.3157894736842105 0.9532163742690059