8 0.3519736842105263 0.5409356725146199 0.02138157894736842 0.03508771929824561
8 0.4457236842105263 0.564327485380117 0.019736842105263157 0.04093567251461988
8 0.6398026315789473 0.7543859649122807 0.03289473684210526 0.12280701754385964
8 0.1924342105263158 0.5701754385964912 0.023026315789473683 0.029239766081871343
8 0.2944078947368421 0.564327485380117 0.018092105263157895 0.043859649122807015
23 0.14967105263157895 0.5350877192982456 0.1118421052631579 0.23684210526315788
23 0.31414473684210525 0.52046783625731 0.0625 0.15497076023391812
23 0.46710526315789475 0.5380116959064327 0.07401315789473684 0.19005847953216373
23 0.5526315789473685 0.5497076023391813 0.018092105263157895 0.27485380116959063
23 0.8026315789473685 0.5906432748538012 0.375 0.7923976608187134
41 0.3930921052631579 0.8070175438596491 0.3371710526315789 0.3508771929824561
41 0.12664473684210525 0.8304093567251462 0.24835526315789475 0.3157894736842105
41 0.2713815789473684 0.6432748538011696 0.22861842105263158 0.10526315789473684
41 0.08223684210526316 0.6695906432748538 0.15625 0.0847953216374269