8 0.23355263157894737 0.5584795321637427 0.014802631578947368 0.02631578947368421
8 0.32401315789473684 0.5497076023391813 0.011513157894736841 0.02631578947368421
8 0.38980263157894735 0.5350877192982456 0.013157894736842105 0.029239766081871343
8 0.7483552631578947 0.7456140350877193 0.047697368421052634 0.11695906432748537
8 0.4753289473684211 0.5526315789473685 0.013157894736842105 0.023391812865497075
8 0.6019736842105263 0.5906432748538012 0.009868421052631578 0.02631578947368421
23 0.19407894736842105 0.5292397660818714 0.09375 0.2222222222222222
23 0.34375 0.5233918128654971 0.06085526315789474 0.16374269005847952
23 0.49835526315789475 0.5321637426900585 0.06085526315789474 0.1871345029239766
23 0.5953947368421053 0.5263157894736842 0.024671052631578948 0.22514619883040934
23 0.8552631578947368 0.47076023391812866 0.28289473684210525 0.8391812865497076
41 0.4868421052631579 0.8099415204678363 0.32894736842105265 0.35964912280701755
41 0.15789473684210525 0.8333333333333334 0.3157894736842105 0.2982456140350877
41 0.11842105263157894 0.695906432748538 0.23355263157894737 0.14035087719298245
41 0.31414473684210525 0.6403508771929824 0.20559210526315788 0.1023391812865497
5 0.40789473684210525 0.5409356725146199 0.07401315789473684 0.1695906432748538