8 0.2532894736842105 0.5760233918128655 0.018092105263157895 0.03216374269005848
8 0.3503289473684211 0.5672514619883041 0.014802631578947368 0.02631578947368421
8 0.506578947368421 0.564327485380117 0.014802631578947368 0.02631578947368421
8 0.6677631578947368 0.5935672514619883 0.009868421052631578 0.038011695906432746
48 0.9111842105263158 0.7602339181286549 0.14802631578947367 0.03216374269005848
4 0.9111842105263158 0.7982456140350878 0.14638157894736842 0.03508771929824561
37 0.912828947368421 0.8362573099415205 0.1513157894736842 0.03508771929824561
41 0.1924342105263158 0.3830409356725146 0.24835526315789475 0.2777777777777778
41 0.4917763157894737 0.38596491228070173 0.21546052631578946 0.2953216374269006
41 0.7055921052631579 0.40058479532163743 0.1875 0.2222222222222222
41 0.7039473684210527 0.716374269005848 0.26480263157894735 0.23391812865497075
41 0.13980263157894737 0.7865497076023392 0.2730263157894737 0.3713450292397661
41 0.47039473684210525 0.7368421052631579 0.18421052631578946 0.2719298245614035
41 0.2138157894736842 0.7865497076023392 0.20230263157894737 0.347953216374269