8 0.3190789473684211 0.6052631578947368 0.024671052631578948 0.038011695906432746
8 0.48355263157894735 0.6052631578947368 0.014802631578947368 0.02631578947368421
8 0.805921052631579 0.7280701754385965 0.07072368421052631 0.11988304093567251
23 0.03782894736842105 0.5672514619883041 0.07072368421052631 0.3508771929824561
23 0.28125 0.564327485380117 0.09868421052631579 0.2719298245614035
23 0.5230263157894737 0.5730994152046783 0.09868421052631579 0.29239766081871343
23 0.7582236842105263 0.5730994152046783 0.1513157894736842 0.5058479532163743
41 0.6759868421052632 0.8625730994152047 0.625 0.24269005847953215
41 0.14391447368421054 0.9108187134502924 0.2878289473684211 0.1608187134502924
41 0.07236842105263158 0.7865497076023392 0.13980263157894737 0.10526315789473684
41 0.26973684210526316 0.8011695906432749 0.3157894736842105 0.3538011695906433