41 0.15460526315789475 0.3684210526315789 0.3042763157894737 0.29239766081871343
41 0.4029605263157895 0.37719298245614036 0.20888157894736842 0.260233918128655
41 0.7006578947368421 0.38011695906432746 0.24671052631578946 0.26900584795321636
41 0.9029605263157895 0.40350877192982454 0.16282894736842105 0.2309941520467836
41 0.8338815789473685 0.7660818713450293 0.3207236842105263 0.30994152046783624
41 0.21052631578947367 0.783625730994152 0.33881578947368424 0.3654970760233918
41 0.6842105263157895 0.7690058479532164 0.20230263157894737 0.35964912280701755
41 0.42105263157894735 0.7748538011695907 0.18421052631578946 0.34502923976608185
8 0.3256578947368421 0.5818713450292398 0.014802631578947368 0.02631578947368421
8 0.4095394736842105 0.564327485380117 0.011513157894736841 0.03216374269005848
8 0.7615131578947368 0.5906432748538012 0.023026315789473683 0.038011695906432746