48 0.912828947368421 0.7602339181286549 0.14967105263157895 0.03508771929824561
4 0.9111842105263158 0.8011695906432749 0.14638157894736842 0.03508771929824561
37 0.9095394736842105 0.8421052631578947 0.14638157894736842 0.038011695906432746
8 0.5493421052631579 0.5467836257309941 0.011513157894736841 0.02046783625730994
8 0.38651315789473684 0.543859649122807 0.013157894736842105 0.023391812865497075
41 0.2878289473684211 0.30116959064327486 0.2450657894736842 0.4444444444444444
41 0.21875 0.804093567251462 0.4309210526315789 0.347953216374269
41 0.4375 0.4152046783625731 0.05592105263157895 0.15204678362573099
41 0.4457236842105263 0.672514619883041 0.06414473684210527 0.1871345029239766
41 0.10361842105263158 0.2719298245614035 0.20230263157894737 0.5350877192982456
23 0.524671052631579 0.5263157894736842 0.06907894736842106 0.20175438596491227
8 0.5805921052631579 0.5760233918128655 0.018092105263157895 0.07017543859649122
5 0.6792763157894737 0.6432748538011696 0.20559210526315788 0.5994152046783626