8 0.18092105263157895 0.7485380116959064 0.06085526315789474 0.11403508771929824
8 0.3569078947368421 0.5935672514619883 0.009868421052631578 0.043859649122807015
8 0.805921052631579 0.5584795321637427 0.02138157894736842 0.049707602339181284
8 0.6069078947368421 0.5497076023391813 0.014802631578947368 0.029239766081871343
8 0.5016447368421053 0.5555555555555556 0.01644736842105263 0.02631578947368421
23 0.10197368421052631 0.564327485380117 0.19901315789473684 0.8333333333333334
23 0.37335526315789475 0.5146198830409356 0.03125 0.21929824561403508
23 0.4769736842105263 0.52046783625731 0.06578947368421052 0.15789473684210525
23 0.6332236842105263 0.5233918128654971 0.06414473684210527 0.15204678362573099
23 0.7763157894736842 0.5058479532163743 0.07894736842105263 0.16374269005847952
41 0.4555921052631579 0.6929824561403509 0.2138157894736842 0.2046783625730994
41 0.5970394736842105 0.5935672514619883 0.12335526315789473 0.07602339181286549
41 0.7203947368421053 0.7953216374269005 0.3190789473684211 0.38596491228070173
41 0.7861842105263158 0.6754385964912281 0.24342105263157895 0.1695906432748538