8 0.18585526315789475 0.7251461988304093 0.05592105263157895 0.10818713450292397
8 0.8667763157894737 0.6111111111111112 0.02631578947368421 0.049707602339181284
8 0.631578947368421 0.5701754385964912 0.014802631578947368 0.017543859649122806
8 0.5723684210526315 0.5584795321637427 0.018092105263157895 0.038011695906432746
8 0.47039473684210525 0.5672514619883041 0.011513157894736841 0.029239766081871343
8 0.40625 0.5789473684210527 0.013157894736842105 0.02631578947368421
41 0.41118421052631576 0.8099415204678363 0.3256578947368421 0.3333333333333333
41 0.6858552631578947 0.7251461988304093 0.2236842105263158 0.22807017543859648
41 0.8717105263157895 0.7660818713450293 0.24671052631578946 0.20175438596491227
23 0.1069078947368421 0.5935672514619883 0.20065789473684212 0.7573099415204678
23 0.3881578947368421 0.5350877192982456 0.03453947368421053 0.20175438596491227
23 0.4967105263157895 0.5467836257309941 0.0625 0.17543859649122806
5 0.5822368421052632 0.5672514619883041 0.07894736842105263 0.2046783625730994
23 0.6611842105263158 0.5380116959064327 0.06743421052631579 0.18128654970760233
23 0.8338815789473685 0.5350877192982456 0.10526315789473684 0.23391812865497075