8 0.8601973684210527 0.7309941520467836 0.0625 0.10818713450292397
8 0.5131578947368421 0.6169590643274854 0.029605263157894735 0.05263157894736842
8 0.34210526315789475 0.6198830409356725 0.01644736842105263 0.04093567251461988
23 0.5493421052631579 0.5818713450292398 0.10361842105263158 0.30409356725146197
23 0.8042763157894737 0.5555555555555556 0.17105263157894737 0.4444444444444444
23 0.3042763157894737 0.5847953216374269 0.09868421052631579 0.30409356725146197
23 0.049342105263157895 0.564327485380117 0.09868421052631579 0.38011695906432746
41 0.31085526315789475 0.8157894736842105 0.3042763157894737 0.34502923976608185
41 0.7401315789473685 0.8713450292397661 0.5131578947368421 0.22807017543859648
41 0.18914473684210525 0.9181286549707602 0.375 0.14035087719298245
41 0.09539473684210527 0.8625730994152047 0.1875 0.20760233918128654