8 0.20559210526315788 0.39473684210526316 0.023026315789473683 0.04093567251461988
8 0.65625 0.38011695906432746 0.01644736842105263 0.029239766081871343
8 0.8634868421052632 0.49415204678362573 0.024671052631578948 0.05847953216374269
8 0.3667763157894737 0.347953216374269 0.011513157894736841 0.023391812865497075
8 0.5460526315789473 0.35964912280701755 0.008223684210526315 0.023391812865497075
8 0.4144736842105263 0.36257309941520466 0.008223684210526315 0.029239766081871343
23 0.047697368421052634 0.45321637426900585 0.09046052631578948 0.3538011695906433
23 0.23190789473684212 0.3567251461988304 0.16611842105263158 0.30409356725146197
23 0.42598684210526316 0.3128654970760234 0.05921052631578947 0.14619883040935672
23 0.53125 0.31871345029239767 0.04276315789473684 0.15789473684210525
23 0.7105263157894737 0.34210526315789475 0.13980263157894737 0.29239766081871343
23 0.9013157894736842 0.3684210526315789 0.17598684210526316 0.5730994152046783
41 0.22450657894736842 0.7207602339181286 0.44901315789473684 0.5467836257309941
41 0.6019736842105263 0.6081871345029239 0.2746710526315789 0.37719298245614036
41 0.5756578947368421 0.41812865497076024 0.12335526315789473 0.07017543859649122
41 0.4506578947368421 0.4853801169590643 0.125 0.18421052631578946
5 0.36348684210526316 0.3362573099415205 0.12664473684210525 0.2046783625730994