8 0.11513157894736842 0.7339181286549707 0.06414473684210527 0.11403508771929824
8 0.34375 0.5847953216374269 0.013157894736842105 0.04093567251461988
8 0.5 0.5672514619883041 0.014802631578947368 0.06140350877192982
8 0.6101973684210527 0.5555555555555556 0.01644736842105263 0.04093567251461988
8 0.8240131578947368 0.5818713450292398 0.024671052631578948 0.043859649122807015
23 0.08388157894736842 0.5730994152046783 0.16776315789473684 0.8508771929824561
23 0.3618421052631579 0.5087719298245614 0.046052631578947366 0.20760233918128654
23 0.4753289473684211 0.5233918128654971 0.06743421052631579 0.17251461988304093
23 0.6332236842105263 0.52046783625731 0.06085526315789474 0.17251461988304093
23 0.7861842105263158 0.52046783625731 0.0805921052631579 0.195906432748538
41 0.42269736842105265 0.6988304093567251 0.21546052631578946 0.195906432748538
41 0.6858552631578947 0.8011695906432749 0.3042763157894737 0.3538011695906433
41 0.7845394736842105 0.7017543859649122 0.23848684210526316 0.20760233918128654
41 0.587171052631579 0.5935672514619883 0.12006578947368421 0.06140350877192982