8 0.5542763157894737 0.6023391812865497 0.02631578947368421 0.043859649122807015
8 0.725328947368421 0.6637426900584795 0.03125 0.09064327485380116
8 0.26480263157894735 0.5935672514619883 0.019736842105263157 0.02631578947368421
23 0.5049342105263158 0.5672514619883041 0.125 0.36257309941520466
23 0.7483552631578947 0.5789473684210527 0.09375 0.5672514619883041
41 0.2680921052631579 0.7426900584795322 0.3503289473684211 0.2631578947368421
41 0.17598684210526316 0.2807017543859649 0.3470394736842105 0.5555555555555556
41 0.3848684210526316 0.3684210526315789 0.07072368421052631 0.25146198830409355
48 0.9111842105263158 0.7602339181286549 0.14967105263157895 0.029239766081871343
4 0.912828947368421 0.7982456140350878 0.14967105263157895 0.029239766081871343
37 0.9095394736842105 0.8391812865497076 0.14473684210526316 0.03508771929824561