41 0.40460526315789475 0.5964912280701754 0.31085526315789475 0.26900584795321636
8 0.1825657894736842 0.5555555555555556 0.0625 0.11695906432748537
23 0.125 0.5 0.2450657894736842 0.9883040935672515
8 0.3848684210526316 0.39766081871345027 0.008223684210526315 0.02631578947368421
23 0.36019736842105265 0.3362573099415205 0.05756578947368421 0.24269005847953215
23 0.4753289473684211 0.3567251461988304 0.06743421052631579 0.2046783625730994
8 0.45394736842105265 0.38596491228070173 0.011513157894736841 0.023391812865497075
8 0.5592105263157895 0.3684210526315789 0.01644736842105263 0.03216374269005848
5 0.5674342105263158 0.36257309941520466 0.08388157894736842 0.1783625730994152
23 0.6447368421052632 0.3538011695906433 0.07730263157894737 0.1871345029239766
8 0.6134868421052632 0.38596491228070173 0.008223684210526315 0.02631578947368421
8 0.819078947368421 0.41812865497076024 0.018092105263157895 0.04093567251461988
23 0.8075657894736842 0.3391812865497076 0.14144736842105263 0.23976608187134502
41 0.7927631578947368 0.7514619883040936 0.40625 0.48830409356725146
41 0.8618421052631579 0.5672514619883041 0.26480263157894735 0.2134502923976608
41 0.6348684210526315 0.52046783625731 0.15625 0.18421052631578946