8 0.3207236842105263 0.5789473684210527 0.023026315789473683 0.04093567251461988
8 0.48519736842105265 0.5760233918128655 0.02138157894736842 0.04093567251461988
8 0.7944078947368421 0.6929824561403509 0.04111842105263158 0.09941520467836257
23 0.7549342105263158 0.5321637426900585 0.14967105263157895 0.4824561403508772
23 0.5230263157894737 0.5409356725146199 0.10197368421052631 0.2953216374269006
23 0.28289473684210525 0.5380116959064327 0.09539473684210527 0.2719298245614035
23 0.03536184210526316 0.5365497076023392 0.07072368421052631 0.3538011695906433
41 0.2631578947368421 0.8011695906432749 0.3305921052631579 0.3830409356725146
41 0.680921052631579 0.8508771929824561 0.6299342105263158 0.2807017543859649
41 0.06907894736842106 0.7748538011695907 0.13815789473684212 0.11695906432748537
41 0.1513157894736842 0.8918128654970761 0.29769736842105265 0.1783625730994152