8 0.022203947368421052 0.8903508771929824 0.044407894736842105 0.18421052631578946
8 0.3536184210526316 0.5467836257309941 0.014802631578947368 0.04678362573099415
8 0.4868421052631579 0.52046783625731 0.013157894736842105 0.03216374269005848
8 0.5427631578947368 0.5233918128654971 0.014802631578947368 0.04093567251461988
8 0.587171052631579 0.5087719298245614 0.014802631578947368 0.03216374269005848
8 0.6858552631578947 0.543859649122807 0.02138157894736842 0.04093567251461988
8 0.9095394736842105 0.6432748538011696 0.02138157894736842 0.0847953216374269
23 0.16611842105263158 0.5409356725146199 0.02631578947368421 0.39766081871345027
23 0.31414473684210525 0.5087719298245614 0.09375 0.21052631578947367
23 0.47039473684210525 0.5 0.044407894736842105 0.15497076023391812
23 0.555921052631579 0.4853801169590643 0.03289473684210526 0.13157894736842105
23 0.7220394736842105 0.5350877192982456 0.1118421052631579 0.26900584795321636
23 0.9095394736842105 0.5672514619883041 0.05756578947368421 0.5175438596491229
5 0.6134868421052632 0.52046783625731 0.06907894736842106 0.1871345029239766
41 0.38651315789473684 0.7573099415204678 0.26151315789473684 0.3654970760233918
41 0.6875 0.7894736842105263 0.3782894736842105 0.37719298245614036
41 0.5444078947368421 0.5847953216374269 0.13157894736842105 0.07309941520467836
41 0.4161184210526316 0.5614035087719298 0.10526315789473684 0.07309941520467836