8 0.06907894736842106 0.6081871345029239 0.029605263157894735 0.04093567251461988
8 0.3256578947368421 0.5730994152046783 0.01644736842105263 0.029239766081871343
8 0.43914473684210525 0.5789473684210527 0.018092105263157895 0.04678362573099415
8 0.5575657894736842 0.6052631578947368 0.011513157894736841 0.038011695906432746
23 0.11019736842105263 0.5116959064327485 0.13980263157894737 0.22807017543859648
23 0.3026315789473684 0.5233918128654971 0.07730263157894737 0.16666666666666666
23 0.4588815789473684 0.5350877192982456 0.06743421052631579 0.18128654970760233
23 0.555921052631579 0.5409356725146199 0.03289473684210526 0.21929824561403508
23 0.7927631578947368 0.6257309941520468 0.32401315789473684 0.6871345029239766
41 0.1611842105263158 0.8099415204678363 0.31085526315789475 0.3538011695906433
41 0.45230263157894735 0.7251461988304093 0.18914473684210525 0.22807017543859648
41 0.3256578947368421 0.652046783625731 0.13980263157894737 0.14912280701754385
41 0.125 0.6812865497076024 0.23684210526315788 0.13450292397660818