8 0.6134868421052632 0.7251461988304093 0.024671052631578948 0.12280701754385964
8 0.43585526315789475 0.5467836257309941 0.018092105263157895 0.04678362573099415
41 0.21052631578947367 0.32456140350877194 0.22861842105263158 0.30994152046783624
41 0.15296052631578946 0.8099415204678363 0.3026315789473684 0.3684210526315789
41 0.3569078947368421 0.6549707602339181 0.0625 0.16666666666666666
41 0.05756578947368421 0.2573099415204678 0.11513157894736842 0.4824561403508772
23 0.7944078947368421 0.5087719298245614 0.37664473684210525 0.9590643274853801
37 0.912828947368421 0.8362573099415205 0.1513157894736842 0.04093567251461988
4 0.912828947368421 0.7953216374269005 0.15460526315789475 0.029239766081871343
48 0.9111842105263158 0.7573099415204678 0.1513157894736842 0.04093567251461988
41 0.36348684210526316 0.42105263157894735 0.07236842105263158 0.14619883040935672
23 0.4605263157894737 0.5175438596491229 0.06085526315789474 0.18421052631578946