8 0.2944078947368421 0.48830409356725146 0.046052631578947366 0.08187134502923976
8 0.8766447368421053 0.3538011695906433 0.023026315789473683 0.05847953216374269
8 0.6529605263157895 0.3216374269005848 0.008223684210526315 0.03508771929824561
8 0.6019736842105263 0.30701754385964913 0.01644736842105263 0.043859649122807015
8 0.48519736842105265 0.3216374269005848 0.014802631578947368 0.029239766081871343
8 0.42269736842105265 0.3362573099415205 0.018092105263157895 0.038011695906432746
23 0.17105263157894737 0.49707602339181284 0.3404605263157895 0.9766081871345029
23 0.40460526315789475 0.27485380116959063 0.04276315789473684 0.2631578947368421
23 0.5098684210526315 0.2953216374269006 0.07072368421052631 0.22514619883040934
23 0.694078947368421 0.2719298245614035 0.06907894736842106 0.1783625730994152
23 0.8700657894736842 0.26900584795321636 0.1825657894736842 0.2631578947368421
41 0.5115131578947368 0.5263157894736842 0.29276315789473684 0.23684210526315788
41 0.8305921052631579 0.7105263157894737 0.3207236842105263 0.5409356725146199
41 0.6990131578947368 0.48830409356725146 0.18914473684210525 0.260233918128655
41 0.8848684210526315 0.4619883040935672 0.22039473684210525 0.13742690058479531
5 0.6036184210526315 0.29239766081871343 0.09703947368421052 0.19883040935672514