8 0.21217105263157895 0.7309941520467836 0.054276315789473686 0.1023391812865497
8 0.8486842105263158 0.5935672514619883 0.02631578947368421 0.03508771929824561
8 0.5805921052631579 0.5526315789473685 0.01644736842105263 0.03508771929824561
8 0.47368421052631576 0.564327485380117 0.018092105263157895 0.04093567251461988
8 0.40789473684210525 0.5789473684210527 0.008223684210526315 0.043859649122807015
37 0.912828947368421 0.8421052631578947 0.14967105263157895 0.03508771929824561
4 0.912828947368421 0.7982456140350878 0.14967105263157895 0.03508771929824561
48 0.9111842105263158 0.7602339181286549 0.14638157894736842 0.03508771929824561
23 0.11842105263157894 0.5672514619883041 0.2236842105263158 0.8216374269005848
41 0.39144736842105265 0.3713450292397661 0.22039473684210525 0.260233918128655
41 0.3832236842105263 0.7777777777777778 0.19736842105263158 0.3654970760233918
41 0.6233552631578947 0.3830409356725146 0.21710526315789475 0.24853801169590642
41 0.6118421052631579 0.7339181286549707 0.19407894736842105 0.26900584795321636
41 0.8634868421052632 0.7309941520467836 0.21217105263157895 0.24561403508771928
5 0.5888157894736842 0.5701754385964912 0.11842105263157894 0.06725146198830409
41 0.8733552631578947 0.38596491228070173 0.23848684210526316 0.2573099415204678