8 0.5082236842105263 0.5672514619883041 0.014802631578947368 0.029239766081871343
8 0.6677631578947368 0.5906432748538012 0.014802631578947368 0.02631578947368421
8 0.9325657894736842 0.7134502923976608 0.0625 0.05555555555555555
8 0.34868421052631576 0.5730994152046783 0.014802631578947368 0.03508771929824561
8 0.25493421052631576 0.5789473684210527 0.018092105263157895 0.03216374269005848
48 0.9111842105263158 0.7631578947368421 0.14802631578947367 0.03216374269005848
4 0.912828947368421 0.7982456140350878 0.14638157894736842 0.029239766081871343
37 0.912828947368421 0.8421052631578947 0.1513157894736842 0.03216374269005848
41 0.044407894736842105 0.37719298245614036 0.08223684210526316 0.2631578947368421
41 0.19572368421052633 0.3713450292397661 0.24342105263157895 0.2777777777777778
41 0.4917763157894737 0.3830409356725146 0.22532894736842105 0.26900584795321636
41 0.7055921052631579 0.40350877192982454 0.19736842105263158 0.2222222222222222
41 0.14144736842105263 0.7865497076023392 0.2779605263157895 0.347953216374269
41 0.46710526315789475 0.7339181286549707 0.19572368421052633 0.28362573099415206
41 0.7105263157894737 0.7397660818713451 0.27631578947368424 0.28654970760233917
41 0.21875 0.7748538011695907 0.19078947368421054 0.3391812865497076