41 0.49835526315789475 0.8304093567251462 0.7138157894736842 0.32456140350877194
41 0.6019736842105263 0.6052631578947368 0.16940789473684212 0.1286549707602339
41 0.8207236842105263 0.8245614035087719 0.3503289473684211 0.3216374269005848
8 0.27960526315789475 0.6198830409356725 0.023026315789473683 0.07894736842105263
8 0.5082236842105263 0.5350877192982456 0.014802631578947368 0.03216374269005848
8 0.7055921052631579 0.5321637426900585 0.014802631578947368 0.03216374269005848
8 0.8404605263157895 0.5584795321637427 0.024671052631578948 0.05263157894736842
23 0.3026315789473684 0.5321637426900585 0.09539473684210527 0.47368421052631576
23 0.4769736842105263 0.5116959064327485 0.08881578947368421 0.26608187134502925
23 0.6743421052631579 0.5087719298245614 0.07894736842105263 0.24561403508771928
23 0.8980263157894737 0.5116959064327485 0.16940789473684212 0.3304093567251462