8 0.3519736842105263 0.5614035087719298 0.014802631578947368 0.038011695906432746
8 0.4868421052631579 0.5409356725146199 0.013157894736842105 0.023391812865497075
8 0.5411184210526315 0.5497076023391813 0.013157894736842105 0.03508771929824561
8 0.5855263157894737 0.5350877192982456 0.018092105263157895 0.03508771929824561
8 0.6842105263157895 0.5614035087719298 0.023026315789473683 0.04093567251461988
8 0.9144736842105263 0.6695906432748538 0.013157894736842105 0.0847953216374269
23 0.725328947368421 0.5584795321637427 0.10526315789473684 0.260233918128655
23 0.46875 0.52046783625731 0.044407894736842105 0.15789473684210525
23 0.3157894736842105 0.5263157894736842 0.09375 0.21637426900584794
23 0.5509868421052632 0.5087719298245614 0.039473684210526314 0.1286549707602339
23 0.9095394736842105 0.6169590643274854 0.029605263157894735 0.5087719298245614
41 0.3815789473684211 0.783625730994152 0.2582236842105263 0.3742690058479532
41 0.42105263157894735 0.5847953216374269 0.10855263157894737 0.05847953216374269
41 0.5345394736842105 0.6140350877192983 0.15296052631578946 0.09649122807017543
41 0.6973684210526315 0.8070175438596491 0.39473684210526316 0.3713450292397661