8 0.22039473684210525 0.7222222222222222 0.047697368421052634 0.1023391812865497
8 0.41118421052631576 0.564327485380117 0.013157894736842105 0.023391812865497075
8 0.4720394736842105 0.5526315789473685 0.01644736842105263 0.029239766081871343
8 0.5805921052631579 0.5380116959064327 0.02138157894736842 0.04093567251461988
8 0.8552631578947368 0.5789473684210527 0.029605263157894735 0.029239766081871343
23 0.12335526315789473 0.5584795321637427 0.24177631578947367 0.8508771929824561
41 0.3930921052631579 0.3654970760233918 0.21546052631578946 0.2807017543859649
41 0.625 0.3742690058479532 0.21875 0.260233918128655
41 0.38980263157894735 0.7543859649122807 0.19407894736842105 0.347953216374269
41 0.6167763157894737 0.7660818713450293 0.19736842105263158 0.3654970760233918
41 0.8898026315789473 0.6374269005847953 0.21217105263157895 0.09649122807017543
41 0.868421052631579 0.7251461988304093 0.20723684210526316 0.260233918128655
48 0.9161184210526315 0.7602339181286549 0.14638157894736842 0.03216374269005848
4 0.9111842105263158 0.8011695906432749 0.14967105263157895 0.03216374269005848
37 0.912828947368421 0.8391812865497076 0.15296052631578946 0.04093567251461988