29 0.13980263157894737 0.39473684210526316 0.13815789473684212 0.7192982456140351
55 0.3684210526315789 0.5672514619883041 0.047697368421052634 0.09649122807017543
55 0.5164473684210527 0.5760233918128655 0.046052631578947366 0.0847953216374269
55 0.37006578947368424 0.6608187134502924 0.047697368421052634 0.0847953216374269
55 0.5657894736842105 0.6549707602339181 0.04276315789473684 0.0847953216374269
55 0.618421052631579 0.5701754385964912 0.044407894736842105 0.0847953216374269
55 0.618421052631579 0.9298245614035088 0.047697368421052634 0.0847953216374269
55 0.5197368421052632 0.9239766081871345 0.049342105263157895 0.09064327485380116
55 0.41776315789473684 0.6578947368421053 0.049342105263157895 0.0847953216374269
55 0.46710526315789475 0.5672514619883041 0.046052631578947366 0.0935672514619883
55 0.4144736842105263 0.5701754385964912 0.044407894736842105 0.08187134502923976
55 0.46710526315789475 0.6608187134502924 0.049342105263157895 0.08187134502923976
55 0.5131578947368421 0.6608187134502924 0.04276315789473684 0.08187134502923976
55 0.6167763157894737 0.6578947368421053 0.047697368421052634 0.07894736842105263
55 0.3684210526315789 0.7485380116959064 0.049342105263157895 0.08187134502923976
55 0.3684210526315789 0.8333333333333334 0.046052631578947366 0.08187134502923976
55 0.4161184210526316 0.7485380116959064 0.04111842105263158 0.08187134502923976
55 0.4161184210526316 0.8362573099415205 0.04111842105263158 0.0935672514619883
55 0.46710526315789475 0.7514619883040936 0.044407894736842105 0.08771929824561403
55 0.4654605263157895 0.8333333333333334 0.046052631578947366 0.07894736842105263
55 0.46710526315789475 0.9385964912280702 0.047697368421052634 0.09649122807017543
55 0.5164473684210527 0.7485380116959064 0.049342105263157895 0.08771929824561403
55 0.5180921052631579 0.8333333333333334 0.044407894736842105 0.07017543859649122
55 0.5657894736842105 0.9269005847953217 0.039473684210526314 0.07894736842105263
55 0.6167763157894737 0.7426900584795322 0.049342105263157895 0.08187134502923976
55 0.5674342105263158 0.7456140350877193 0.047697368421052634 0.0847953216374269
55 0.5657894736842105 0.8362573099415205 0.044407894736842105 0.07894736842105263
55 0.6167763157894737 0.8391812865497076 0.05263157894736842 0.08187134502923976